      0        1        2           3         4     5:PT  6:PT1  7:PT2   8:PT3   9    10  11    12  13  14:EndQT    16:KapQT                                                                                                          
'80221569', 15.0, '11:25:32', '2023-06-02', 5.0, 51.641, 22.470, 8.536, 13.435, 0.0, 0.0, 0.0, 0.0, 0.0, 8.677, 0.0, 50.727, 0.0, 0.288, 0.36, 0.28, 0.19, 241.08, 239.59, 240.93, 1.0, '00-00-00,00:00', '00-00-00,00:00')
'80221569', 15.0, '10:43:55', '2023-06-02', 4.0, 42.322, 21.021, 8.260, 13.041, 0.0, 0.0, 0.0, 0.0, 0.0, 6.650, 0.0, 48.384, 0.0, 0.288, 0.62, 0.28, 0.19, 240.52, 238.94, 240.65, 1.0, '00-00-00,00:00', '00-00-00,00:00')
                                                  9.319   1.449  0.276   0.394                           2.027        2.343
                                                   
('80221569', 15.0, '11:25:32', '2023-06-02', 5.0, 51.641, 22.470, 8.536, 13.435, 0.0, 0.0, 0.0, 0.0, 0.0, 8.677, 0.0, 50.727, 0.0, 0.288, 0.36, 0.28, 0.19, 241.08, 239.59, 240.93, 1.0, '00-00-00,00:00', '00-00-00,00:00')
('80221569', 15.0, '11:25:32', '2023-05-15', 5.0, 44.001, 22.470, 8.536, 13.435, 0.0, 0.0, 0.0, 0.0, 0.0, 6.677, 0.0, 49.727, 0.0, 0.288, 0.36, 0.28, 0.19, 241.08, 239.59, 240.93, 1.0, '00-00-00,00:00', '00-00-00,00:00')
                                                   9.319                                                  2.000        1.000
                                        
{'anlikPT_kW': 9.319, 'anlikPT1_kW': 1.449, 'anlikPT2_kW': 0.276, 'anlikPT3_kW': 0.394, 'anlikEndQ_kVAr': 2.027, 'anlikKapQ_kVAr': 2.343,
 'anlikPToplam': 7.64, 'anlikEndQToplam': 2.0, 'anlikKapQToplam': 1.0, 'yuzdeEndReaktif': 26.18, 'yuzdeKapReaktif': 13.09, 'cezaDurumu': False, 'endCezaDurumu': False, 'kapCezaDurumu': False}
